Accuracy: 0.5340909090909091
Precision: 0.5176470588235295
Recall: 1.0
F1 Score: 0.682170542635659
