Accuracy: 0.5068493150684932
Precision: 0.503448275862069
Recall: 1.0
F1 Score: 0.6697247706422019
