Accuracy: 0.541095890410959
Precision: 0.5214285714285715
Recall: 1.0
F1 Score: 0.6854460093896715
