Accuracy: 0.5661157024793388
Precision: 0.536036036036036
Recall: 0.9834710743801653
F1 Score: 0.693877551020408
