Accuracy: 0.503448275862069
Precision: 0.5017301038062284
Recall: 1.0
F1 Score: 0.6682027649769586
