Accuracy: 0.5382231404958677
Precision: 0.5199568500539374
Recall: 0.9958677685950413
F1 Score: 0.6832034018426648
