Accuracy: 0.5555555555555556
Precision: 0.5294117647058824
Recall: 1.0
F1 Score: 0.6923076923076924
