Accuracy: 0.5014970059880239
Precision: 0.5007496251874063
Recall: 1.0
F1 Score: 0.6673326673326674
