Accuracy: 0.5733695652173914
Precision: 0.5395894428152492
Recall: 1.0
F1 Score: 0.7009523809523809
